# 256 P3 2015
# Note data is organized as [channel shank row column]
93 1 1 1
100 1 1 2
29 1 1 3
36 1 1 4
94 1 2 1
99 1 2 2
30 1 2 3
35 1 2 4
95 1 3 1
98 1 3 2
31 1 3 3
34 1 3 4
96 1 4 1
97 1 4 2
32 1 4 3
33 1 4 4
92 1 5 1
101 1 5 2
28 1 5 3
37 1 5 4
91 1 6 1
102 1 6 2
27 1 6 3
38 1 6 4
90 1 7 1
103 1 7 2
26 1 7 3
39 1 7 4
89 1 8 1
104 1 8 2
25 1 8 3
40 1 8 4
72 1 9 1
121 1 9 2
8 1 9 3
57 1 9 4
71 1 10 1
122 1 10 2
7 1 10 3
58 1 10 4
70 1 11 1
123 1 11 2
6 1 11 3
59 1 11 4
69 1 12 1
124 1 12 2
5 1 12 3
60 1 12 4
65 1 13 1
128 1 13 2
1 1 13 3
64 1 13 4
66 1 14 1
127 1 14 2
2 1 14 3
63 1 14 4
67 1 15 1
126 1 15 2
3 1 15 3
62 1 15 4
68 1 16 1
125 1 16 2
4 1 16 3
61 1 16 4
88 1 17 1
105 1 17 2
24 1 17 3
41 1 17 4
87 1 18 1
106 1 18 2
23 1 18 3
42 1 18 4
86 1 19 1
107 1 19 2
22 1 19 3
43 1 19 4
85 1 20 1
108 1 20 2
21 1 20 3
44 1 20 4
84 1 21 1
109 1 21 2
20 1 21 3
45 1 21 4
83 1 22 1
110 1 22 2
19 1 22 3
46 1 22 4
82 1 23 1
111 1 23 2
18 1 23 3
47 1 23 4
81 1 24 1
112 1 24 2
17 1 24 3
48 1 24 4
80 1 25 1
113 1 25 2
16 1 25 3
49 1 25 4
79 1 26 1
114 1 26 2
15 1 26 3
50 1 26 4
78 1 27 1
115 1 27 2
14 1 27 3
51 1 27 4
77 1 28 1
116 1 28 2
13 1 28 3
52 1 28 4
76 1 29 1
117 1 29 2
12 1 29 3
53 1 29 4
75 1 30 1
118 1 30 2
11 1 30 3
54 1 30 4
74 1 31 1
119 1 31 2
10 1 31 3
55 1 31 4
73 1 32 1
120 1 32 2
9 1 32 3
56 1 32 4
232 1 33 1
240 1 33 2
145 1 33 3
153 1 33 4
231 1 34 1
239 1 34 2
146 1 34 3
154 1 34 4
230 1 35 1
238 1 35 2
147 1 35 3
155 1 35 4
229 1 36 1
237 1 36 2
148 1 36 3
156 1 36 4
225 1 37 1
236 1 37 2
149 1 37 3
160 1 37 4
226 1 38 1
235 1 38 2
150 1 38 3
159 1 38 4
227 1 39 1
234 1 39 2
151 1 39 3
158 1 39 4
228 1 40 1
233 1 40 2
152 1 40 3
157 1 40 4
253 1 41 1
248 1 41 2
137 1 41 3
132 1 41 4
254 1 42 1
247 1 42 2
138 1 42 3
131 1 42 4
255 1 43 1
246 1 43 2
139 1 43 3
130 1 43 4
256 1 44 1
245 1 44 2
140 1 44 3
129 1 44 4
252 1 45 1
244 1 45 2
141 1 45 3
133 1 45 4
251 1 46 1
243 1 46 2
142 1 46 3
134 1 46 4
250 1 47 1
242 1 47 2
143 1 47 3
135 1 47 4
249 1 48 1
241 1 48 2
144 1 48 3
136 1 48 4
221 1 49 1
201 1 49 2
184 1 49 3
164 1 49 4
222 1 50 1
202 1 50 2
183 1 50 3
163 1 50 4
223 1 51 1
203 1 51 2
182 1 51 3
162 1 51 4
224 1 52 1
204 1 52 2
181 1 52 3
161 1 52 4
220 1 53 1
205 1 53 2
180 1 53 3
165 1 53 4
219 1 54 1
206 1 54 2
179 1 54 3
166 1 54 4
218 1 55 1
207 1 55 2
178 1 55 3
167 1 55 4
217 1 56 1
208 1 56 2
177 1 56 3
168 1 56 4
200 1 57 1
209 1 57 2
176 1 57 3
185 1 57 4
199 1 58 1
210 1 58 2
175 1 58 3
186 1 58 4
198 1 59 1
211 1 59 2
174 1 59 3
187 1 59 4
197 1 60 1
212 1 60 2
173 1 60 3
188 1 60 4
193 1 61 1
213 1 61 2
172 1 61 3
192 1 61 4
194 1 62 1
214 1 62 2
171 1 62 3
191 1 62 4
195 1 63 1
215 1 63 2
170 1 63 3
190 1 63 4
196 1 64 1
216 1 64 2
169 1 64 3
189 1 64 4
