# 128 P2 P22 P23 2015
# Note data is organized as [channel shank row column]
100 1 1 1
36 1 1 2
109 1 2 1
45 1 2 2
102 1 3 1
38 1 3 2
110 1 4 1
46 1 4 2
103 1 5 1
39 1 5 2
111 1 6 1
47 1 6 2
104 1 7 1
40 1 7 2
112 1 8 1
48 1 8 2
113 1 9 1
49 1 9 2
121 1 10 1
57 1 10 2
105 1 11 1
41 1 11 2
114 1 12 1
50 1 12 2
122 1 13 1
58 1 13 2
115 1 14 1
51 1 14 2
123 1 15 1
59 1 15 2
116 1 16 1
52 1 16 2
124 1 17 1
60 1 17 2
117 1 18 1
53 1 18 2
128 1 19 1
64 1 19 2
118 1 20 1
54 1 20 2
127 1 21 1
63 1 21 2
99 1 22 1
35 1 22 2
119 1 23 1
55 1 23 2
126 1 24 1
62 1 24 2
120 1 25 1
56 1 25 2
125 1 26 1
61 1 26 2
106 1 27 1
42 1 27 2
98 1 28 1
34 1 28 2
107 1 29 1
43 1 29 2
97 1 30 1
33 1 30 2
108 1 31 1
44 1 31 2
101 1 32 1
37 1 32 2
68 1 33 1
4 1 33 2
77 1 34 1
13 1 34 2
70 1 35 1
6 1 35 2
78 1 36 1
14 1 36 2
71 1 37 1
7 1 37 2
79 1 38 1
15 1 38 2
72 1 39 1
8 1 39 2
80 1 40 1
16 1 40 2
81 1 41 1
17 1 41 2
89 1 42 1
25 1 42 2
73 1 43 1
9 1 43 2
82 1 44 1
18 1 44 2
90 1 45 1
26 1 45 2
83 1 46 1
19 1 46 2
91 1 47 1
27 1 47 2
84 1 48 1
20 1 48 2
92 1 49 1
28 1 49 2
85 1 50 1
21 1 50 2
96 1 51 1
32 1 51 2
86 1 52 1
22 1 52 2
95 1 53 1
31 1 53 2
67 1 54 1
3 1 54 2
87 1 55 1
23 1 55 2
94 1 56 1
30 1 56 2
88 1 57 1
24 1 57 2
93 1 58 1
29 1 58 2
74 1 59 1
10 1 59 2
66 1 60 1
2 1 60 2
75 1 61 1
11 1 61 2
65 1 62 1
1 1 62 2
76 1 63 1
12 1 63 2
69 1 64 1
5 1 64 2
