# 64 black 2015
# Note data is organized as [channel shank row column]
29 1 1 1
36 1 1 2
9 1 2 1
56 1 2 2
30 1 3 1
35 1 3 2
10 1 4 1
55 1 4 2
31 1 5 1
34 1 5 2
11 1 6 1
54 1 6 2
32 1 7 1
33 1 7 2
12 1 8 1
53 1 8 2
28 1 9 1
37 1 9 2
13 1 10 1
52 1 10 2
27 1 11 1
38 1 11 2
14 1 12 1
51 1 12 2
26 1 13 1
39 1 13 2
15 1 14 1
50 1 14 2
25 1 15 1
40 1 15 2
16 1 16 1
49 1 16 2
8 1 17 1
57 1 17 2
17 1 18 1
48 1 18 2
7 1 19 1
58 1 19 2
18 1 20 1
47 1 20 2
6 1 21 1
59 1 21 2
19 1 22 1
46 1 22 2
5 1 23 1
60 1 23 2
20 1 24 1
45 1 24 2
1 1 25 1
64 1 25 2
21 1 26 1
44 1 26 2
2 1 27 1
63 1 27 2
22 1 28 1
43 1 28 2
3 1 29 1
62 1 29 2
23 1 30 1
42 1 30 2
4 1 31 1
61 1 31 2
24 1 32 1
41 1 32 2
